/index-1.html/1.1/Thu Feb  7 21:32:39 2013//
/index-10.html/1.1/Thu Feb  7 21:32:40 2013//
/index-11.html/1.1/Thu Feb  7 21:32:40 2013//
/index-12.html/1.1/Thu Feb  7 21:32:40 2013//
/index-13.html/1.1/Thu Feb  7 21:32:40 2013//
/index-14.html/1.1/Thu Feb  7 21:32:39 2013//
/index-15.html/1.1/Thu Feb  7 21:32:40 2013//
/index-16.html/1.1/Thu Feb  7 21:32:39 2013//
/index-2.html/1.1/Thu Feb  7 21:32:40 2013//
/index-3.html/1.1/Thu Feb  7 21:32:41 2013//
/index-4.html/1.1/Thu Feb  7 21:32:40 2013//
/index-5.html/1.1/Thu Feb  7 21:32:40 2013//
/index-6.html/1.1/Thu Feb  7 21:32:39 2013//
/index-7.html/1.1/Thu Feb  7 21:32:40 2013//
/index-8.html/1.1/Thu Feb  7 21:32:39 2013//
/index-9.html/1.1/Thu Feb  7 21:32:39 2013//
